-100.4	24.4
-100.45	24.45
-100.5	24.55
-100.55	24.65
-100.6	24.85
-100.65	24.95
-100.7	25.2
-100.85	25.5
-100.9	25.7
-100.95	25.75
-101	26.05
-101.05	26.3
-101.25	26.65
-101.35	26.8
-101.45	27.05
-101.6	27.4
-101.65	27.45
-101.85	28.15
-101.9	28.3
-102	28.65
-102.15	28.7
-102.2	28.75
-102.25	28.8
-102.25	28.9
-102.25	29.15
-102.45	29.2
-102.9	29.3
-103.15	29.25
-103.2	29.2
-103.3	29.15
-103.5	29.25
-103.65	29.25
-103.7	29.3
-103.75	29.35
-103.8	29.5
-103.85	29.55
-103.9	29.6
-103.95	29.9
-103.95	30.1
-103.9	30.1
-103.9	30.35
-103.85	30.35
-103.85	30.55
-103.8	30.55
-103.8	30.65
-103.75	30.65
-103.75	30.7
-103.7	30.7
-103.7	30.75
-103.65	30.75
-103.65	30.8
-103.55	30.8
-103.55	30.85
-103.25	30.85
-103.25	30.9
-102.9	30.9
-102.9	31.05
-102.95	31.05
-102.95	31.25
-102.9	31.25
-102.9	31.45
-102.85	31.45
-102.85	31.55
-102.8	31.55
-102.8	31.6
-102.7	31.6
-102.7	31.65
-102.65	31.65
-102.65	31.75
-102.75	31.75
-102.75	31.8
-102.7	31.8
-102.7	31.85
-102.65	31.85
-102.65	31.9
-102.7	31.9
-102.7	31.95
-102.75	31.95
-102.75	32.05
-102.7	32.05
-102.7	32.15
-102.65	32.15
-102.65	32.2
-102.6	32.2
-102.6	32.25
-102.55	32.25
-102.55	32.35
-102.5	32.35
-102.5	32.4
-102.45	32.4
-102.45	32.45
-102.4	32.45
-102.4	32.55
-102.35	32.55
-102.35	32.6
-102.3	32.6
-102.3	32.65
-102.2	32.65
-102.2	32.7
-102.1	32.7
-102.1	32.75
-101.7	32.75
-101.7	32.65
-101.65	32.65
-101.65	32.6
-101.6	32.6
-101.6	32.5
-101.45	32.5
-101.45	32.55
-101.3	32.55
-101.3	32.5
-101.25	32.45
-101.25	32.3
-101.2	32.3
-101.2	32.25
-101.2	32.2
-101.05	32.2
-100.9	32.15
-100.75	32
-100.7	31.95
-100.55	31.85
-100.5	31.95
-100.05	31.95
-100	31.9
-99.95	31.75
-99.95	31.3
-99.6	31.3
-99.6	31.4
-99.45	31.45
-99.35	31.45
-99.35	31.4
-99.4	31.4
-99.4	31.3
-99.25	31.3
-99.25	31.35
-99.2	31.35
-99.2	31.3
-99.15	31.3
-99.15	31.25
-99.25	31.25
-99.25	31.2
-99.45	31.2
-99.45	31.1
-99.3	31.1
-99.3	31.05
-99.4	31.05
-99.4	31
-99.45	31
-99.45	30.9
-99.3	30.9
-99.3	30.85
-99.4	30.85
-99.4	30.75
-99.45	30.75
-99.45	30.7
-99.5	30.7
-99.5	30.65
-99.4	30.65
-99.4	30.5
-99.3	30.5
-99.3	30.55
-99.1	30.55
-99.1	30.5
-99.05	30.5
-99.05	30.55
-99	30.55
-99	30.5
-98.8	30.5
-98.8	30.45
-98.75	30.45
-98.75	30.4
-98.65	30.4
-98.65	30.35
-98.5	30.35
-98.5	30.45
-98.4	30.45
-98.4	30.5
-98.1	30.5
-98.1	30.55
-98.15	30.55
-98.15	30.65
-98.2	30.65
-98.2	30.8
-98.25	30.8
-98.25	30.95
-98.3	30.95
-98.3	31.05
-98.35	31.05
-98.35	31.15
-98.4	31.15
-98.4	31.2
-98.45	31.2
-98.45	31.25
-98.5	31.25
-98.5	31.3
-98.55	31.3
-98.55	31.35
-98.6	31.35
-98.6	31.45
-98.65	31.45
-98.65	31.55
-98.7	31.55
-98.7	31.6
-98.75	31.6
-98.75	31.65
-98.8	31.65
-98.8	31.7
-98.85	31.7
-98.85	31.75
-98.85	31.9
-98.95	31.9
-98.95	32.05
-99	32.05
-99	32.1
-99.05	32.1
-99.05	32.15
-99.15	32.15
-99.15	32.1
-99.2	32.1
-99.2	32.15
-99.25	32.15
-99.25	32.2
-99.3	32.2
-99.3	32.25
-99.35	32.25
-99.35	32.3
-99.15	32.3
-99.15	32.35
-99.1	32.35
-99.1	32.3
-98.95	32.3
-98.95	32.35
-98.9	32.35
-98.5	32.35
-98.5	32.4
-98.3	32.4
-98.3	32.45
-98.2	32.45
-98.2	32.5
-98.15	32.5
-98.15	32.55
-98.1	32.55
-98.1	32.6
-98.05	32.6
-98.05	32.55
-97.9	32.55
-97.9	32.6
-97.95	32.6
-97.95	32.7
-97.9	32.7
-97.9	32.75
-97.95	32.75
-97.95	32.9
-98.05	32.9
-98.05	32.95
-97.95	32.95
-97.95	33
-98	33
-98	33.1
-97.95	33.1
-97.95	33.15
-97.8	33.15
-97.8	33.2
-97.85	33.2
-97.85	33.3
-97.8	33.3
-97.8	33.35
-97.9	33.35
-97.9	33.45
-97.75	33.45
-97.75	33.5
-97.8	33.5
-97.8	33.65
-97.75	33.65
-97.75	33.7
-97.7	33.7
-97.7	33.75
-97.65	33.75
-97.65	33.8
-97.6	33.8
-97.6	33.85
-97.55	33.85
-97.55	33.9
-97.5	33.9
-97.5	33.95
-97.6	33.95
-97.6	34.05
-97.35	34.05
-97.35	34.1
-97.25	34.1
-97.25	34.15
-97.2	34.15
-97.2	34.1
-97.15	34.1
-97.15	34.05
-97	34.05
-97	34.15
-97.05	34.15
-97.05	34.2
-97	34.2
-97	34.25
-96.95	34.25
-96.95	34.2
-96.9	34.2
-96.9	34.25
-96.85	34.25
-96.85	34.15
-96.8	34.15
-96.8	34.2
-96.65	34.2
-96.65	34.3
-96.55	34.3
-96.3	34.3
-96.3	34.4
-96	34.4
-96	34.35
-95.95	34.35
-95.95	34.3
-95.55	34.3
-95.55	34.25
-95.4	34.25
-95.4	34.2
-95.3	34.2
-95.3	34.15
-95.2	34.15
-95.2	34.2
-95.15	34.2
-95.15	34.15
-95.05	34.15
-95.05	34.1
-94.1	34.1
-94.1	34.15
-93.75	34.15
-93.75	34.1
-93.65	34.1
-93.65	34.15
-93.6	34.15
-93.6	34.1
-93.3	34.1
-93.3	34.15
-93.25	34.15
-93.25	34.2
-93.05	34.2
-93.05	34.25
-92.95	34.25
-92.95	34.3
-92.9	34.3
-92.9	34.35
-92.55	34.65
-92.35	34.65
-92.35	34.7
-92.15	34.9
-92.05	34.9
-92.05	34.95
-92	35
-91.95	35
-91.95	35.1
-91.85	35.1
-91.85	35.2
-91.7	35.2
-91.7	35.25
-91.65	35.3
-91.55	35.3
-91.55	35.35
-91.4	35.5
-91.35	35.5
-91.35	35.55
-91.4	35.55
-91.5	35.65
-91.5	35.75
-91.35	35.75
-91.35	35.8
-91.3	35.85
-91.25	35.85
-91.25	35.95
-91.2	36.05
-91.1	36.05
-91.1	36.1
-91.05	36.1
-91.05	36.15
-90.85	36.4
-90.85	36.5
-90.7	36.5
-90.7	36.55
-90.65	36.6
-90.55	36.6
-90.55	36.65
-90.45	36.65
-90.45	36.7
-90.25	36.9
-90.15	36.9
-90.15	37.05
-90.1	37.1
-90	37.1
-90	37.15
-89.95	37.2
-89.85	37.2
-89.85	37.25
-89.75	37.25
-89.75	37.3
-89.6	37.3
-89.5	37.3
-89.4	37.2
-89.35	37.15
-89.35	37.1
-89.25	37.1
-89.25	37.2
-89.15	37.3
-88.85	37.3
-88.85	37.25
-88.75	37.25
-88.75	37.3
-88.55	37.3
-88.5	37.35
-88.15	37.2
-87.95	36.95
-87.9	36.75
-87.8	36.55
-87.9	36.3
-87.9	36.1
-87.95	36.05
-87.95	35.95
-88.05	35.85
-88.1	35.85
-88.1	35.5
-88.05	35.45
-88.05	35.35
-88.05	35.2
-87.95	35.15
-87.95	35.1
-88	35.1
-88.1	35.05
-88.1	35
-88.1	34.95
-88.05	34.95
-87.95	34.9
-87.95	34.85
-88.05	34.85
-88.1	34.75
-88	34.7
-87.95	34.7
-87.95	34.65
-88	34.65
-88.05	34.6
-88	34.5
-87.85	34.5
-87.8	34.4
-87.75	34.4
-87.75	34.35
-87.7	34.3
-87.7	34.25
-87.85	34.25
-87.85	34.2
-87.85	34.15
-87.75	34.1
-87.75	34.05
-87.7	34.05
-87.8	33.95
-87.75	33.95
-87.75	33.75
-87.65	33.75
-87.65	33.5
-87.6	33.45
-87.6	33.35
-87.45	33.35
-87.4	33.3
-87.35	33.3
-87.3	33.35
-87.25	33.35
-87.25	33.15
-87.1	33.15
-87.05	33.05
-86.85	33.05
-86.75	33
-86.7	33
-86.65	32.95
-86.65	32.9
-86.55	32.9
-86.55	32.8
-86.5	32.8
-86.5	32.75
-86.35	32.75
-86.35	32.7
-86.25	32.7
-86.25	32.6
-86.2	32.6
-86.15	32.55
-86.1	32.6
-85.8	32.6
-85.8	32.65
-85.75	32.65
-85.7	32.6
-85.6	32.6
-85.6	32.55
-85.35	32.55
-85.35	32.6
-85.3	32.6
-85.3	32.55
-85.05	32.55
-85.05	32.5
-84.95	32.5
-84.95	32.55
-84.65	32.55
-84.65	32.6
-84.5	32.65
-84.3	32.65
-84.3	32.7
-84.25	32.7
-84.25	32.65
-84.15	32.65
-84.15	32.7
-84.05	32.7
-84.05	32.75
-83.95	32.75
-83.95	32.8
-83.8	32.8
-83.8	32.85
-83.55	32.85
-83.55	32.95
-83.4	33.05
-83.35	33.05
-83.35	33
-83.2	33
-83.2	33.05
-83.05	33.05
-83.05	33.1
-82.9	33.1
-82.9	33.25
-82.75	33.25
-82.7	33.35
-82.65	33.35
-82.6	33.4
-82.55	33.4
-82.55	33.35
-82.4	33.35
-82.4	33.4
-82.35	33.45
-82.1	33.45
-82.1	33.5
-81.9	33.5
-81.95	33.65
-81.9	33.7
-81.85	33.7
-81.85	33.85
-81.75	33.9
-81.55	33.9
-81.55	33.95
-81.4	33.95
-81.4	34
-81	34
-81	34.25
-80.8	34.25
-80.75	34.35
-80.7	34.35
-80.6	34.35
-80.55	34.35
-80.55	34.5
-80.5	34.5
-80.5	34.65
-80.45	34.75
-80.4	34.75
-80.35	34.8
-80.25	34.8
-80.1	34.75
-80.1	34.85
-80.05	34.9
-79.95	34.9
-79.75	34.9
-79.75	35.35
-79.6	35.35
-79.6	35.4
-79.55	35.4
-79.55	35.35
-79.45	35.35
-79.4	35.35
-79.4	35.4
-79.35	35.4
-79.35	35.3
-79.2	35.4
-79.15	35.5
-78.95	35.5
-78.95	35.45
-78.8	35.45
-78.8	35.5
-78.85	35.55
-78.85	35.65
-78.8	35.75
-78.85	35.75
-78.7	35.65
-78.6	35.6
-78.45	35.6
-78.4	35.65
-78.25	35.65
-78.1	35.85
-78	35.85
-77.8	36.15
-77.7	36.15
-77.7	36.3
-77.65	36.35
-77.65	36.5
-77.6	36.55
-77.6	36.65
-77.55	36.7
-77.55	37.2
-77.5	37.2
-77.5	37.8
-77.65	37.9
-77.6	38
-77.6	38.05
-77.55	38.1
-77.5	38.1
-77.5	38.4
-77.3	38.7
-77.2	38.7
-77.2	38.75
-77.1	38.9
-77	38.9
-77	39
-76.9	39.15
-76.75	39.15
-76.75	39.2
-76.65	39.35
-76.5	39.35
-76.5	39.45
-76.4	39.45
-76.35	39.5
-76.15	39.5
-76.15	39.55
-76	39.55
-76	39.65
-75.9	39.7
-75.85	39.7
-75.85	39.65
-75.7	39.65
-75.7	39.7
-75.65	39.75
-75.45	39.75
-75.45	39.8
-75.35	39.9
-75.25	39.9
-75.25	39.95
-75.15	39.95
-75.15	40
-75.1	40.05
-74.85	40.25
-74.7	40.25
-74.5	40.45
-74.4	40.45
-74.4	40.5
-74.35	40.55
-74.25	40.55
-74.25	40.6
-74.05	40.6
-74.05	40.65
-73.85	40.85
-73.75	40.85
-73.75	40.95
-73.65	40.95
-73.65	41
-73.55	41.05
-73.4	41.05
-73.4	41.1
-73.3	41.15
-73.15	41.15
-73.15	41.2
-72.95	41.2
-72.95	41.25
-72.5	41.25
-72.5	41.3
-72.45	41.3
-72.45	41.25
-72.35	41.25
-72.35	41.3
-72	41.3
-72	41.35
-71.95	41.35
-71.9	41.3
-71.9	41.25
-71.65	41.25
-71.65	41.3
-71.55	41.3
-71.55	41.4
-71.3	41.4
-71.3	41.5
-71.1	41.5
-71.1	41.55
-70.8	41.65
-70.7	41.65
-70.7	41.75
-70.6	41.75
-70.5	41.85
-70.35	41.85
-70.35	42.45
-70.25	42.5
-70.3	42.6
-70.4	42.65
-70.55	42.65
-70.6	42.7
-70.6	42.75
-70.35	42.75
-70.35	42.8
-70.3	42.9
-70.15	42.9
-70.15	42.95
-70.1	42.95
-70.1	43.15
-70	43.3
-69.9	43.3
-69.9	43.25
-69.95	43.25
-69.95	42.9
-70	42.9
-70	42.7
-69.9	42.7
-69.85	42.65
-69.85	42.55
-69.9	42.5
-70	42.45
-70.05	42.35
-70.05	42.25
-69.85	42.25
-69.65	42.05
-69.55	41.85
-69.55	41.8
-69.45	41.8
-69.45	41.75
-69.3	41.75
-69.3	41.7
-69.05	41.7
-69.05	41.75
-68.95	41.8
-68.8	41.8
-68.8	41.85
-68.6	41.85
-68.6	41.9
-68.45	41.9
-68.45	41.95
-68.35	41.95
-68.35	42.3
-68.4	42.3
-68.4	42.4
-68.45	42.4
-68.45	42.5
-68.5	42.5
-68.6	42.6
-68.6	42.7
-68.5	42.7
-68.5	42.75
-68.3	42.75
-68.3	42.7
-68.35	42.7
-68.35	42.5
-68.3	42.5
-68.3	42.35
-68.25	42.35
-68.2	42.25
-68.2	42.2
-68.05	42.2
-68.05	42.25
-67.9	42.35
-67.8	42.35
-67.8	42.5
-67.85	42.55
-67.85	42.65
-67.8	42.65
-67.65	42.5
-67.4	42.5
-67.4	42.55
-67.3	42.55
-67.3	42.6
-67.15	42.6
-67.05	42.55
-67.05	42.45
-67.1	42.45
-67.1	42.35
-67.15	42.35
-67.15	42.25
-67.2	42.25
-67.2	42.15
-67.25	42.15
-67.25	42.05
-67.3	42.05
-67.3	41.95
-67.35	41.95
-67.35	41.8
-67.4	41.8
-67.4	41.7
-67.45	41.7
-67.45	41.6
-67.5	41.6
-67.5	41.5
-67.55	41.5
-67.55	41.4
-67.6	41.4
-67.6	41.3
-67.65	41.3
-67.65	41.15
-67.7	41.15
-67.7	41.05
-67.75	41.05
-67.75	40.95
-67.8	40.95
-67.8	40.85
-67.85	40.85
-67.85	40.7
-67.9	40.7
-67.9	40.6
-67.95	40.6
-67.95	40.5
-68	40.5
-68	40.35
-68.05	40.35
-68.05	40.25
-68.1	40.25
-68.1	40.15
-68.15	40.15
-68.15	40
-68.2	40
-68.2	39.9
-68.25	39.9
-68.25	39.8
-68.3	39.8
-68.3	39.65
-68.35	39.65
-68.35	39.55
-68.4	39.55
-68.4	39.4
-68.45	39.4
-68.45	39.3
-68.5	39.3
-68.5	39.15
-68.55	39.15
-68.55	39.05
-68.6	39.05
-68.6	38.9
-68.65	38.9
-68.65	38.8
-68.7	38.8
-68.7	38.65
-68.75	38.65
-68.75	38.55
-68.8	38.55
-68.8	38.4
-68.85	38.4
-68.85	38.3
-68.9	38.3
-68.9	38.15
-68.95	38.15
-68.95	38
-69	38
-69	37.9
-69.05	37.9
-69.05	37.75
-69.1	37.75
-69.1	37.6
-69.15	37.6
-69.15	37.5
-69.2	37.5
-69.2	37.35
-69.25	37.35
-69.25	37.2
-69.3	37.2
-69.3	37.1
-69.35	37.1
-69.35	36.95
-69.4	36.95
-69.4	36.8
-69.45	36.8
-69.45	36.65
-69.5	36.65
-69.5	36.5
-69.55	36.5
-69.55	36.35
-69.6	36.35
-69.6	36.25
-69.65	36.25
-69.65	36.1
-69.7	36.1
-69.7	35.95
-69.75	35.95
-69.75	35.8
-69.8	35.8
-69.8	35.65
-69.85	35.65
-69.85	35.5
-69.9	35.5
-69.9	35.35
-69.95	35.35
-69.95	35.2
-70	35.2
-70	35.05
-70.05	35.05
-70.05	34.9
-70.1	34.9
-70.1	34.7
-70.15	34.7
-70.15	34.55
-70.2	34.55
-70.2	34.4
-70.25	34.4
-70.25	34.25
-70.3	34.25
-70.3	34.1
-70.35	34.1
-70.35	33.95
-70.4	33.95
-70.4	33.75
-70.45	33.75
-70.45	33.6
-70.5	33.6
-70.5	33.45
-70.55	33.45
-70.55	33.25
-70.6	33.25
-70.6	33.1
-70.65	33.1
-70.65	32.9
-70.7	32.9
-70.7	32.75
-70.75	32.75
-70.75	32.55
-70.8	32.55
-70.8	32.4
-70.85	32.4
-70.85	32.2
-70.9	32.2
-70.9	32.05
-70.95	32.05
-70.95	31.85
-71	31.85
-71	31.7
-71.05	31.7
-71.05	31.5
-71.1	31.5
-71.1	31.3
-71.15	31.3
-71.15	31.1
-71.2	31.1
-71.2	30.95
-71.25	30.95
-71.25	30.75
-71.3	30.75
-71.3	30.55
-71.35	30.55
-71.35	30.35
-71.4	30.35
-71.4	30.15
-71.45	30.15
-71.45	29.95
-71.5	29.95
-71.5	29.75
-71.55	29.75
-71.55	29.55
-71.6	29.55
-71.6	29.35
-71.65	29.35
-71.65	29.15
-71.7	29.15
-71.7	28.9
-71.75	28.9
-71.75	28.7
-71.8	28.7
-71.8	28.5
-71.85	28.5
-71.85	28.3
-71.9	28.3
-71.9	28.05
-71.95	28.05
-71.95	27.85
-72	27.85
-72	27.6
-72.05	27.6
-72.05	27.4
-72.1	27.4
-72.1	27.15
-72.15	27.15
-72.15	26.9
-72.2	26.9
-72.2	26.7
-72.25	26.7
-72.25	26.45
-72.3	26.45
-72.3	26.2
-72.35	26.2
-72.35	25.95
-72.4	25.95
-72.4	25.7
-72.45	25.7
-72.45	25.45
-72.5	25.45
-72.5	25.2
-72.55	25.2
-72.55	24.9
-72.6	24.9
-72.6	24.65
-72.65	24.65
-72.65	24.4
-100.4	24.4